2  1.914  5.439
3  4.504  5.989
5  6.254  5.889
7  10.584  5.769
8  -0.006  -0.001
10  3.994  -0.441
13  10.904  -0.221
24  1.144  8.479
25  5.494  8.469
26  9.824  8.449
27  10.104  2.889
28  4.924  2.849
29  0.604  2.869
31  4.604  -1.431
32  10.444  -1.461
37  0.334  4.449
38  6.064  4.449
41  10.434  4.529
1  0.464  5.659
4  4.724  5.649
6  9.024  6.069
9  1.684  0.159
11  5.964  0.259
12  9.084  0.329
14  12.744  -0.161
15  14.444  -0.691
30  1.744  -1.461
16  -3.626  -0.701
18  -3.326  3.279
22  -1.586  8.289
21  12.284  8.249
20  14.154  6.359
19  14.174  3.239
